D: 3.9655164788825297
H: 1.6404478320519527
F: 3.9655164788825297
C: 34.06041146499656
G: 1.6404478320519527
B: 38.274399445513055
A: 3.325792335555492
E: 8.20612463591005
K: 1.6404478320519527
J: 1.6404478320519527
I: 1.6404478320519527
